Coordinates:
0.9102219343185425, 0.49352073669433594
0.006355714052915573, 0.9414368271827698
0.8270823955535889, 0.556014358997345
0.8899536728858948, 0.5592762231826782
0.2849336266517639, 0.3361171782016754
0.2804570496082306, 0.6325426697731018
0.24163195490837097, 0.1651964634656906
0.1938231736421585, 0.5719538331031799
0.8416975140571594, 0.8027388453483582
0.8373697996139526, 0.807912290096283
0.756981372833252, 0.3490428030490875
0.9966321587562561, 0.24957714974880219
0.6630921363830566, 0.12450296431779861
0.5920524001121521, 0.8659435510635376
0.03265244886279106, 0.9827404022216797
0.09222865849733353, 0.9974954128265381
0.31361520290374756, 0.37160447239875793
0.09617486596107483, 0.02338184043765068
0.5001670122146606, 0.15757261216640472
0.4541667401790619, 0.3275623023509979
0.1059197187423706, 0.8099459409713745
0.8336756825447083, 0.5409587025642395
0.9303143620491028, 0.37668749690055847
0.570723295211792, 0.7387381792068481
0.721440315246582, 0.7526494860649109
0.6086403131484985, 0.8916240334510803
0.5111610293388367, 0.12410886585712433
0.15227244794368744, 0.12717275321483612
0.3998464345932007, 0.35406431555747986
0.33527082204818726, 0.06493034213781357
0.2634638845920563, 0.8303548693656921
0.6047059297561646, 0.8646526336669922
0.9379633665084839, 0.24107618629932404
0.11966853588819504, 0.8109855651855469
0.2331651896238327, 0.7533983588218689
0.3579646348953247, 0.1944867968559265
0.9436078667640686, 0.6982919573783875
0.23341447114944458, 0.7922676205635071
0.972952663898468, 0.9260584115982056
0.8594534397125244, 0.258940726518631
0.9537100791931152, 0.6451461911201477
0.17488627135753632, 0.6775607466697693
0.3480554223060608, 0.6932615637779236
0.42400604486465454, 0.33708372712135315
0.11182839423418045, 0.8008028268814087
0.8661447167396545, 0.48621901869773865
0.16948583722114563, 0.6665233969688416
0.6519565582275391, 0.42125770449638367
0.1343228816986084, 0.8269594311714172
0.49458980560302734, 0.3643867075443268
Tour:
15
30
37
34
5
42
23
13
31
25
24
8
9
38
36
40
3
2
21
45
0
22
11
32
39
10
47
12
26
18
29
17
27
6
35
19
49
43
28
16
4
7
46
41
44
20
33
48
1
14
